Radix  1 1 1 1 1 1 1 1 1
Vname  A0 B0 Cin0 A1 B1 A2 B2 A3 B3
IO     i i i i i i i i i
Tunit  ns
Period 1
Trise  0.00
Tfall  0.00
Tdelay 0.5
Vih    0.7
Vil    0.0

1 1 0 1 0 0 1 0 0
0 0 0 0 1 1 0 0 0
1 0 0 0 1 0 1 1 0
0 1 0 0 0 1 0 0 0
0 1 0 0 0 0 1 0 1
1 1 0 0 0 1 0 0 1
0 1 0 0 0 0 1 0 0
0 0 0 0 1 1 1 1 1
0 0 0 1 1 1 0 0 0
1 0 0 1 0 0 1 1 0
0 1 0 1 0 1 1 1 1
0 1 0 1 1 0 0 0 1
0 1 0 0 1 1 0 0 0
0 1 0 1 0 0 0 0 1
0 1 0 1 1 1 0 0 1
0 1 0 0 0 0 0 1 0
1 1 0 0 1 1 0 1 1
1 0 0 1 1 1 0 0 1
1 0 0 0 0 0 0 1 0
0 1 0 1 0 1 0 0 1
0 0 0 0 1 0 1 1 1
0 0 0 1 1 0 1 0 0
1 0 0 0 0 0 0 0 0
1 1 0 0 1 0 1 0 0
1 0 0 1 0 1 0 1 1
1 0 0 0 1 0 0 1 1
0 0 0 1 1 0 0 1 1
1 0 0 0 1 1 0 1 0
0 1 0 0 0 1 0 1 0
0 0 0 0 0 0 1 0 1
1 1 0 0 1 1 1 1 1
1 1 0 0 0 0 0 1 0
1 1 0 0 0 1 0 1 0
0 1 0 0 0 0 0 1 0
0 1 0 1 1 1 0 0 0
0 1 0 1 0 1 0 0 0
1 1 0 0 1 1 1 1 1
0 1 0 1 1 0 1 1 0
0 0 0 1 1 1 0 0 1
1 1 0 1 0 1 1 0 0
0 0 0 1 1 0 0 0 0
0 0 0 1 0 1 0 0 1
1 1 0 1 0 1 1 1 0
0 0 0 0 1 1 0 1 0
1 1 0 1 1 1 0 1 1
0 1 0 1 1 1 1 0 0
1 1 0 0 0 0 1 1 0
1 1 0 1 1 0 1 1 1
0 0 0 0 1 0 1 1 0
0 0 0 1 0 0 0 0 1
1 1 0 1 0 0 0 0 0
0 0 0 1 0 1 0 1 1
0 1 0 0 1 0 1 1 1
0 1 0 1 0 1 1 1 0
0 0 0 0 1 1 1 1 1
1 0 0 1 0 0 0 1 0
1 1 0 1 1 1 1 0 1
0 1 0 1 1 1 0 1 1
0 0 0 0 1 1 1 0 0
1 1 0 0 1 1 1 0 0
0 1 0 0 1 0 0 0 0
0 1 0 1 1 1 1 0 0
1 1 0 1 0 0 0 0 0
1 0 0 1 1 1 1 1 1
1 1 0 1 1 0 1 0 0
1 1 0 1 0 0 1 0 1
0 0 0 1 1 0 1 1 1
1 0 0 0 0 0 0 0 1
1 1 0 0 1 0 0 1 1
0 0 0 0 0 0 0 0 0
0 1 0 1 0 1 0 0 0
1 0 0 1 1 0 1 0 0
0 0 0 1 0 1 1 0 1
1 0 0 1 1 0 1 0 1
1 1 0 1 0 0 1 0 1
0 1 0 0 0 0 0 0 0
0 0 0 1 1 1 1 0 0
1 0 0 0 1 1 0 0 0
1 0 0 0 1 1 1 0 1
0 0 0 0 1 0 0 1 1
0 0 0 0 1 1 1 0 0
1 0 0 0 0 0 0 1 1
0 1 0 1 0 0 1 1 1
0 1 0 0 0 0 1 1 0
0 0 0 0 1 1 0 0 0
0 0 0 0 0 0 1 1 1
1 0 0 1 1 0 0 0 0
0 0 0 0 0 0 0 0 0
0 0 0 1 1 0 1 1 0
1 1 0 0 0 1 0 1 0
0 0 0 1 0 0 0 0 0
0 1 0 0 0 1 1 0 1
1 0 0 0 0 1 1 0 1
0 1 0 1 1 1 0 1 1
0 1 0 0 0 1 0 1 1
1 1 0 0 0 0 0 1 0
0 1 0 0 0 0 0 1 1
1 0 0 0 0 0 0 0 0
1 0 0 0 0 0 1 1 0
1 1 0 0 1 0 0 1 0
1 1 0 0 0 0 1 1 1
1 1 0 0 1 1 0 1 0
0 0 0 0 0 1 0 0 0
1 1 0 0 1 1 1 0 0
1 0 0 0 1 0 1 0 1
1 0 0 1 0 0 0 1 0
0 1 0 1 0 1 1 0 1
0 0 0 0 1 0 0 0 1
1 0 0 0 1 0 0 0 1
1 1 0 1 1 0 0 0 0