Radix 1 1 1
Vname A B Cin
IO i i i
Tunit ns
Period 0.2
Trise 0
Tfall 0
Tdelay 0
Vih 0.7
Vil 0.0

0 0 0
0 0 0
0 0 1
0 0 0
0 1 0
0 0 0
0 1 1
0 0 0
1 0 0
0 0 0
1 0 1
0 0 0
1 1 0
0 0 0
1 1 1
0 0 1
0 0 1
0 1 0
0 0 1
0 1 1
0 0 1
1 0 0
0 0 1
1 0 1
0 0 1
1 1 0
0 0 1
1 1 1
0 1 0
0 1 0
0 1 1
0 1 0
1 0 0
0 1 0
1 0 1
0 1 0
1 1 0
0 1 0
1 1 1
0 1 1
0 1 1
1 0 0
0 1 1
1 0 1
0 1 1
1 1 0
0 1 1
1 1 1
1 0 0
1 0 0
1 0 1
1 0 0
1 1 0
1 0 0
1 1 1
1 0 1
1 0 1
1 1 0
1 0 1
1 1 1
1 1 0
1 1 0
1 1 1
1 1 1
0 0 0
