Radix  1 1 1 1 1 1 1 1
Vname  IN_3[1] IN_3[0] IN_2[1] IN_2[0] IN_1[1] IN_1[0] IN_0[1] IN_0[0]
IO     i i i i i i i i
Tunit  ns
Period 1
Trise  0
Tfall  0
Tdelay 0.5
Vih    0.7
Vil    0.0

0 0 1 1 1 0 0 1
0 0 0 1 1 0 0 1

0 0 0 1 0 0 1 0
0 1 1 1 0 0 1 0

1 0 1 1 0 1 0 1
1 0 0 1 0 1 0 1

0 0 0 1 0 1 1 1
0 0 1 1 0 1 1 1

0 0 0 1 1 0 1 1
0 0 1 1 1 0 1 1

0 1 1 0 1 0 0 0
0 1 0 0 1 0 0 0

0 0 0 1 1 1 0 0
0 0 1 1 1 1 0 0

1 0 1 1 1 0 1 0
1 0 0 1 1 0 1 0

0 1 0 0 0 1 1 1
0 1 1 0 0 1 1 1

0 0 1 0 0 1 0 0
0 0 0 0 0 1 0 0

0 1 1 0 0 0 0 0
0 1 0 0 0 0 0 0

0 1 1 0 0 0 0 1
0 1 0 0 0 0 0 1

1 0 1 0 0 1 0 0
1 0 0 0 0 1 0 0

0 1 0 0 0 0 1 1
0 1 1 0 0 0 1 1

0 0 0 0 0 0 0 1
0 0 1 0 0 0 0 1

0 0 1 0 0 0 1 1
1 1 0 0 1 0 1 1

1 1 0 1 0 0 1 1
0 0 0 1 0 0 1 1

0 1 1 0 1 0 1 0
0 0 1 0 1 0 1 0

0 0 1 0 0 0 0 1
1 1 1 0 0 1 1 1

1 0 0 1 1 0 1 0
0 0 0 1 1 0 1 0

0 1 0 0 1 0 0 1
1 1 1 1 0 0 0 1

0 0 0 0 0 1 1 1
0 1 1 1 0 0 0 1

1 0 1 0 1 1 1 0
0 1 1 0 0 1 0 1

0 1 0 1 1 0 1 0
0 1 0 1 1 0 0 1

1 1 0 1 0 1 0 0
0 0 1 0 0 1 1 0
